myVar1 <- 12
myVar2 <- 23.11

myVar1 + 100

myVar1 + myVar2 - 12
myVar3 <- myVar1^2 + myVar2^2

myVar3 > 300
myVar3 >= 680
myVar1 == myVar2
myVar1 != myVar2
myNewVar <- myVar1 == myVar2
