1 : 67

myVector1 <- 1 : 67
myVector2 <- c(-32, 45, 67, 12.78, 129, 0, -65)

myVector1[1]
myVector1[3]
myVector2[1]

myVector2[c(1,2,3)]
myVector2[1:3]
myVector2[c(1,5,6,7,10)]
